5.099999999999999e-06
2.430000000000002e-05
4.590000000000006e-05
6.869999999999992e-05
8.999999999999948e-05
0.000110999999999999
0.0001325999999999991
0.0001556999999999996
0.0001770000000000001
0.0001836000000000003
0.0002097
0.0002358
0.0002613
0.000288
0.0003159
0.0003417
0.000369
0.0003945
0.0004209
0.0004317
0.0004527
0.0004734
0.0004896
0.0005103
0.0005268
0.000543
0.0005595
0.000576
0.0005928
0.0006185999999999874
0.000640499999999984
0.0006617999999999806
0.0006824999999999774
0.0007055999999999738
0.0007265999999999705
0.0007484999999999671
0.0007697999999999637
0.0007913999999999604
0.0007979999999999593
0.0008198999999999559
0.0008423999999999524
0.0008648999999999489
0.000889799999999945
0.0009122999999999415
0.0009347999999999379
0.0009551999999999347
0.0009776999999999312
0.001001099999999928
0.001027799999999923
0.001050899999999919
0.001074299999999915
0.001097999999999912
0.001120499999999908
0.001143899999999904
0.001166999999999901
0.001191599999999897
0.001213799999999893
0.001236599999999889
0.001260599999999885
0.001284899999999882
0.001308599999999878
0.001333199999999874
0.00135719999999987
0.001381499999999867
0.001400099999999864
0.001428599999999859
0.001448699999999856
0.001469699999999853
0.001494299999999849
0.001514399999999846
0.001538999999999842
0.001563599999999839
0.001583699999999836
0.001603799999999833
0.00162389999999983
0.001643999999999827
0.001664699999999824
0.00168629999999982
0.001710899999999816
0.001735499999999812
0.001755599999999809
0.001775999999999806
0.001796099999999803
0.001801199999999803
0.001830599999999798
0.001850999999999795
0.001871399999999792
0.001891799999999789
0.001912499999999786
0.001933199999999783
0.00195359999999978
0.001973999999999777
0.001998599999999773
0.002018999999999771
0.002039099999999767
0.002059199999999764
0.002079599999999762
0.002104499999999758
0.002128799999999754
0.00215339999999975
0.002177999999999747
0.002198099999999743
0.00221819999999974
0.002238899999999737
0.002259299999999734
0.002279399999999732
0.002299799999999728
0.002320199999999726
0.002341199999999722
0.00236189999999972
0.002382299999999716
0.002402099999999714
0.00242729999999971
0.002447099999999707
0.002466899999999704
0.002487599999999701
0.002507999999999698
0.002528699999999695
0.002549099999999692
0.002569199999999689
0.002588999999999686
0.002609099999999683
0.002628899999999679
0.002649299999999677
0.002669099999999674
0.002689799999999671
0.002710799999999668
0.002730599999999664
0.002750099999999662
0.002770499999999659
0.002791199999999656
0.002796899999999655
0.002822699999999651
0.002843099999999648
0.002863799999999645
0.002884199999999642
0.002905499999999639
0.002925899999999636
0.002945999999999633
0.00296699999999963
0.002987999999999627
0.003009299999999624
0.003030299999999621
0.003051299999999618
0.003071399999999615
0.003092999999999611
0.003114299999999608
0.003135299999999605
0.003156299999999602
0.003176699999999599
0.003198599999999595
0.003203399999999594
